negative/1d50e37e-f444-49b5-9f42-8e8e45024c37.jpg 1 24 37 558 691
negative/2ba0846a-e169-49e6-9880-c5293a05d081.jpg 1 90 575 646 257
negative/389b6e34-b070-4fc1-b3d4-1e1fb8535b7a.jpg 1 277 143 459 533
negative/70750d05-8a06-41d7-b274-e50532cb8668.jpg 1 107 143 359 507
negative/958486b3-47b5-4dd0-94a4-94038a58d193.jpg 1 17 13 636 723
negative/99f6ba04-31aa-45e8-b9c4-7452cbfb8db9.jpg 1 154 83 433 711
negative/c48d3bb1-2b9a-4291-bbec-fcf34aac3e2f.jpg 1 45 132 535 587
negative/cbe5582d-fa4b-4fb3-b650-9606e75fe3b2.jpg 1 52 53 655 701
negative/Old Bridges.jpg 1 36 33 391 607
negative/__yoastmark.jpg 1 78 139 377 414
